79.277	180.81	101.969	
79.1308	180.085	96.0485	
209.058	187.203	143.077	
209.298	187.09	148.919	
213.209	63.8781	37.0173	
167.646	200.174	115.967	
115.138	149.848	132.964	
193.894	170.243	37.9618	
35.2193	87.6836	100.94	
96.7646	146.025	10.9534	
96.3778	145.994	9.03977	
119.119	168.727	165.916	
76.1057	134.066	116.848	
150.028	219.13	14.0216	
35.39	88.1484	94.0471	
161.624	104.12	143.034	
200.297	229.742	116.996	
125.871	24.9952	189.112	
140.792	49.8109	34.9776	
212.015	176.129	45.0099	
14.9293	211.207	46.0151	
82.0729	202.188	159.982	
39.1888	20.9541	138.973	
249.177	156.74	168.019	
232.981	70.8845	22.0249	
233.213	70.1127	20.0165	
120.2	169.958	150.088	
120.706	170.015	151.964	
76.0406	134.684	107.193	
239.238	97.9437	97.9863	
120.523	169.686	157.95	
75.0834	133.008	105.242	
74.4095	132.992	107.072	
37.9024	176.83	62.9865	
124.247	47.0888	189.786	
141.729	48.0234	41.9908	
102.713	36.0724	107.994	
37.9316	109.961	31.0412	
235.026	234.885	86.9735	
248.251	207.856	190.95	
10.7593	213.97	91.9508	
142.735	47.0065	46.9982	
153.258	122.765	143.005	
216.265	95.7752	236.003	
94.2663	145.189	122.983	
107.836	209.204	146.004	
107.779	209.194	144.073	
123.096	48.357	182.067	
129.869	119.157	183.042	
121.767	47.6827	182.001	
122.14	47.7498	180.068	
122.979	47.5351	178.159	
186.941	215.013	101.014	
85.0219	221.702	141.97	
54.1828	45.9113	57.9759	
116.05	53.1475	105.024	
182.326	227.039	109.046	
199.771	194.03	42.0457	
69.8503	57.9563	225.969	
165.013	40.3664	153.011	
226.108	26.761	8.92791	
226.125	26.7844	7.01873	
216.657	136.026	9.0423	
126.757	226.038	11.0396	
183.529	227.094	23.052	
103.174	100.009	9.06953	
201.799	147.213	26.0368	
43.888	106.924	93.0132	
203.228	121.038	33.0195	
84.7666	88.9539	226.015	
84.1235	89.0348	227.981	
87.0935	225.974	118.019	
185.015	236.005	50.9796	
41.0743	194.798	38.0095	
127.883	216.072	125.027	
172.153	75.2067	172.992	
142.963	49.051	22.0352	
146.782	93.9011	51.0683	
112.793	244.97	106.923	
163.773	134.102	85.998	
163.284	134.848	87.9776	
199.949	78.7976	176.006	
96.7153	238.11	205.976	
204.06	55.1048	155.002	
96.3564	238.015	204.002	
62.2373	126.861	181.972	
175.659	194.07	68.956	
42.8237	31.8599	201.034	
132.792	13.8805	10.01	
198.035	105.959	185.969	
122.213	26.003	200.046	
94.1282	67.8885	228.999	
233.464	90.9813	147.982	
109.868	188.22	170.047	
88.1058	14.7516	62.0307	
201.941	185.001	11.074	
55.7491	85.3271	154.013	
47.8004	156.903	127.997	
93.1046	94.9389	103.989	
90.2685	126.905	190.972	
118.344	28.0216	216.063	
97.8274	198.887	69.0306	
202.108	185.011	12.9676	
219.159	83.7966	186.008	
101.326	131.203	94.008	
42.8765	137.853	170.99	
139.859	168.185	129.973	
238.111	59.0801	180.03	
207.088	229.108	239.979	
38.2757	242.005	39.0407	
186.983	218.108	204.006	
88.6774	46.0008	208.968	
52.8085	174.039	30.0584	
134.322	221.086	64.002	
225.936	45.8528	171.021	
225.816	45.8548	172.956	
164.878	226.855	197.991	
83.006	210.198	95.9669	
165.099	226.94	196.054	
52.2896	174.012	33.9636	
137.077	106.751	149	
183.258	120.904	74.9723	
161.095	126.929	70.015	
237.788	77.8465	191.949	
119.205	27.9985	211.145	
246.884	212.789	36.9886	
131.727	69.2701	183.011	
245.52	191.169	6.95721	
32.7434	155.309	167.998	
120.78	27.054	205.112	
162.143	45.2947	94.9829	
169.974	83.6843	205.975	
164.008	87.1249	33.9688	
136.989	136.899	79.9982	
119.66	27.2399	209.139	
32.6851	155.196	169.961	
173.684	178.001	48.0229	
216.994	217.997	118.984	
83.8661	25.9223	155.011	
150.172	72.9775	118.001	
43.8154	183.184	176.011	
54.2491	155.804	151.976	
120.365	27.841	207.156	
117.791	200.192	9.00741	
86.2916	162.166	74.0076	
19.6147	232.869	30.9592	
145.758	189.01	122.017	
89.2333	202.757	124.985	
169.761	109.877	103.982	
148.313	157.973	22.0029	
186.859	45.9704	239.944	
61.3223	149.328	13.0118	
61.37	149.259	14.9803	
28.7853	160.069	103.015	
162.895	129.112	74.9125	
28.9571	137.852	36.9753	
32.1685	154.021	178.006	
117.766	232.883	81.9692	
32.1915	154.214	176.015	
75.1915	40.0273	27.9481	
56.8106	175.073	103.021	
61.381	149.258	16.9524	
226.835	215.819	10.9956	
159.285	207.003	59.9925	
44.3803	159.002	15.9615	
161.175	225.978	213.004	
208.266	202.308	9.05049	
108.123	228.22	126.998	
24.9378	236.145	223.08	
29.2353	102.03	146.962	
162.124	226.173	208.995	
153.06	27.9882	246.011	
29.0835	102.846	144.015	
52.3429	131.202	16.9859	
117.49	145.97	89.9458	
117.523	146.043	88.0169	
61.0775	150.099	7.08921	
152.989	28.0121	244.049	
153.093	27.9305	247.944	
44.204	159.694	12.9875	
202.901	56.2306	189.973	
52.269	131.32	15.0356	
18.6396	118.06	32.0236	
52.0369	131.823	13.0539	
238.353	160.001	137.004	
202.885	56.2338	188.031	
50.8537	108.148	133.037	
219.137	167.925	136.984	
53.0747	132.121	237.915	
50.7837	108.107	134.969	
115.906	55.7388	121.006	
87.9227	46.8998	216.914	
240.114	165.086	106.985	
58.0956	62.9707	175.028	
93.015	221.036	163.978	
165.949	149.78	191.05	
121.224	124.669	86.984	
184.176	138.913	184.982	
246.154	148.82	88.0227	
58.9121	63.0505	178.955	
207.184	32.8922	83.0806	
164.702	202.004	202.974	
164.589	202.068	201.039	
183.223	119.282	184.994	
18.1359	117.056	36.9358	
74.0767	225.006	9.01103	
90.6251	216.912	209.002	
71.0031	85.9781	95.9958	
90.6245	216.038	212.984	
92.0646	221.214	161.036	
174.94	240.039	162.948	
236.319	196.103	55.9832	
199.824	101.998	220.009	
93.279	237.188	190.988	
60.3346	218.057	96.9767	
12.8642	95.848	30.057	
187.199	199.96	8.99885	
13.0136	95.6348	31.9219	
240.028	23.1442	152.98	
20.7798	189.787	46.0513	
20.2718	189.89	47.9774	
28.6037	170.831	25.0068	
20.0747	56.1176	66.9683	
33.8328	43.9872	48.9465	
105.913	182.822	108.018	
106.35	246.824	227.963	
51.063	156.1	139.976	
37.204	246.145	191.034	
221.524	187.891	11.0337	
106.068	246.86	225.072	
90.0694	217.958	202.069	
137.156	173.97	205.986	
13.8053	34.0685	49.0167	
195.896	26.0749	239.993	
11.1107	161.004	32.984	
221.637	187.883	12.9096	
130.884	234.931	171.013	
108.776	52.1777	207.008	
59.7224	242.021	112.977	
137.386	174.135	203.063	
165.125	110.29	33.9037	
54.6888	128.786	126.98	
115.966	181.19	21.9894	
165.132	110.279	32.1158	
59.7794	242.888	109.99	
195.35	26.0522	244.019	
59.6958	243.801	106.991	
108.776	201.97	244.043	
48.1552	91.2781	247.972	
57.9304	208.814	25.9577	
87.9955	47.76	223.004	
60.6665	225.153	248.038	
102.921	34.9464	186.022	
199.216	102.955	225.883	
118.129	125.931	234.98	
134.809	49.082	207.991	
194.96	26.0379	245.979	
17.8216	173.831	74.9954	
96.8123	76.9415	44.9955	
17.7557	173.775	73.0379	
101.93	123.843	8.9802	
59.7677	195.128	97.0356	
17.0877	173.079	70.0477	
41.0701	84.7829	49.927	
221.851	247.264	138.026	
118.77	125.808	230.024	
108.64	36.0683	14.9213	
218.976	72.8695	229.014	
59.9327	179.801	68.9696	
170.818	72.3365	7.02754	
126.048	242.943	224.014	
197.83	187.014	66.9394	
63.9024	170.325	125.002	
118.282	223.877	37.9599	
135.064	147.163	124.995	
134.749	147.848	123	
214.927	226.243	140.996	
101.832	123.9	10.9472	
59.1541	244.805	102.998	
46.8802	126.197	87.9757	
171.118	72.2485	8.90091	
118.381	224.033	36.0445	
194.824	46.221	34.973	
8.25242	91.0662	206.001	
23.0101	109.131	218.989	
162.78	156.227	53.9953	
62.7136	24.9913	192.978	
38.8911	196.902	141.963	
42.0199	62.2266	59.9819	
110.31	12.8983	110.991	
126.297	196.849	115.975	
132.992	210.815	165.003	
234.942	89.8255	116.97	
67.8566	216.088	212.021	
247.13	246.279	175.982	
105.175	166.925	28.0315	
63.2162	117.097	67.026	
212.381	208.883	130.039	
163.306	156.955	51.0348	
166.237	81.1681	133.012	
63.1504	116.949	68.952	
72.8571	31.1351	65.0088	
85.6794	161.154	107.954	
189.128	221.07	243.937	
132.927	65.8316	10.0028	
75.7206	43.7623	180.015	
233.482	232.28	128.975	
200.681	204.898	185.953	
117.599	135.806	16.9672	
239.06	141.791	188.053	
88.7861	207.001	248.011	
62.6634	24.9677	196.956	
117.705	135.191	15.0072	
40.8941	62.8596	55.0864	
88.2852	207.974	243.994	
200.642	205.108	182.039	
239	190.933	218.983	
88.6878	207.128	246.028	
214.237	88.1283	134.009	
145.155	208.156	108.027	
75.9027	59.7734	31.9804	
88.7475	47.925	232.98	
137.21	170.873	223.986	
47.1791	142.945	63.0528	
81.3534	202.991	23.0618	
234.336	214.128	118.977	
136.934	171.104	221.032	
184.445	197.9	218.022	
145.632	208.019	110.956	
72.1675	80.0868	40.9573	
81.4221	202.968	24.911	
238.927	190.906	220.899	
29.0813	41.0185	175.045	
142.158	198.102	65.0263	
202.091	154.878	53.0467	
242.16	236.807	49.0262	
178.915	197.872	49.9494	
203.214	55.8855	174.022	
136.878	171.917	217.981	
198.652	168.038	247.994	
184.514	197.205	220.954	
77.012	181.787	143.947	
163.801	243.463	206.039	
234.285	214.087	121.948	
215.92	157.963	77.9859	
232.81	180	143.985	
159.911	146.845	128.95	
213.017	14.2395	188.925	
21.6747	22.2475	185.983	
137.764	170.008	228.971	
31.2135	156.009	63.9682	
21.075	22.1935	187.927	
142.132	167.923	144.984	
198.751	167.877	246.084	
91.6933	57.1126	52.9468	
213.73	210.019	124.058	
59.1652	31.1704	152	
59.1346	31.1928	153.992	
59.1297	31.1567	149.011	
31.3295	156.016	61.0425	
232.263	180.889	147.004	
58.1316	8.07618	138.977	
100.293	28.8494	131.952	
101.931	124.015	16.9227	
178.406	197.174	52.028	
163.633	243.806	203.123	
148.274	160.81	188.928	
213.19	31.1647	32.0589	
169.427	58.9033	145.985	
141.803	42.2393	108.973	
94.6334	243.965	132.997	
58.7991	8.85605	140.989	
31.3176	6.38437	37.0095	
168.578	146.124	220.02	
100.843	210.14	37.9863	
190.737	79.1841	9.05366	
142.257	168.002	148.977	
31.2129	6.77563	38.8852	
83.8951	161.797	115.955	
37.0746	78.2906	158.971	
168.354	146.124	223.945	
168.675	146.193	218.041	
168.526	146.069	221.967	
107.519	145.004	211.052	
65.934	19.1031	14.9786	
20.222	67.7182	136.005	
184.66	198.244	213.109	
201.277	236.057	76.0437	
179.705	68.8456	226.953	
12.0119	88.0217	156.979	
83.1965	161.799	118.025	
184.355	161.223	186.033	
101.153	210.709	34.0434	
125.926	33.7624	54.0168	
35.1967	120.009	243.97	
151.322	140.263	40.0362	
62.72	150.956	98.9815	
232.317	171.986	199.987	
126.013	33.8506	55.9723	
62.0709	150.756	100.929	
138.761	175.246	178.065	
46.8651	208.175	116.021	
110.832	72.144	174.959	
24.8827	216.899	120.002	
194.046	27.0797	68.0365	
249.286	149.757	30.0066	
115.954	68.7191	218.016	
138.312	175.24	184.987	
140.467	16.9843	92.0351	
189.011	225.192	181.994	
126.875	89.83	135.019	
234.218	10.0404	64.0613	
231.238	182.958	153.975	
210.169	245.757	177.017	
76.8498	142.263	169.021	
87.5666	91.9722	27.0165	
24.3988	217.045	122.007	
104.763	87.1694	207.986	
76.9315	142.966	165.011	
76.9275	142.842	167.014	
44.8544	222.901	222.985	
76.8483	142.191	171.964	
148.589	209.974	217.017	
146.296	244.992	59.0437	
91.1171	73.7745	73.9703	
34.962	210.812	190.991	
95.8075	9.77869	155.024	
185.699	71.9915	199.972	
234.18	10.0442	66.9164	
17.79	21.7265	21.0165	
249.171	149.037	33.8824	
213.254	114.982	220.024	
143.024	35.8929	165.047	
77.0774	143.935	159.01	
47.806	225.992	203.013	
28.0156	42.1378	129.001	
125.786	33.1573	50.1271	
87.325	91.8404	25.0782	
143.082	36.084	167.938	
120.919	225.707	25.9759	
15.6896	33.8272	111.039	
142.135	209.987	97.0216	
116.013	155.078	10.9976	
222.253	67.0494	208.017	
62.2959	24.2059	205.976	
128.957	228.045	105.003	
66.6689	43.7377	116.985	
107.761	56.7455	69.9798	
47.7602	225.879	204.964	
227.957	60.2635	68.9407	
244.35	32.1119	84.0778	
87.7086	246.894	19.9766	
18.8766	72.0741	185.008	
44.0547	222.183	225.919	
208.06	165.287	205.927	
38.7784	212.894	22.0185	
235.12	236.816	12.0315	
66.9862	43.0502	119.932	
84.677	36.1906	92.033	
231.944	30.7784	62.0068	
229.942	9.86979	126.965	
55.8274	156.224	180.022	
55.2674	156.875	184.987	
170.966	131.833	141.959	
26.2163	78.9433	26.9732	
52.9792	34.8005	30.9184	
161.085	129.242	244.035	
119.91	192.926	151.033	
61.9152	24.0026	209.938	
55.1097	29.1005	245.959	
46.0405	223.75	218.058	
232.269	30.141	60.0646	
137.272	114.049	66.008	
160.835	129.801	246.021	
160.716	129.967	247.924	
125.246	84.8108	85.013	
232.916	61.7409	87.0314	
164.14	52.0026	178.976	
249.234	77.1817	98.874	
98.79	162.937	168.099	
161.284	129.145	242.051	
169.269	131.103	136.991	
214.981	29.0493	47.9823	
94.2264	28.0581	228.041	
145.905	23.2563	69.0053	
232.508	89.992	130.032	
193.618	242.048	15.9888	
222.114	126.281	142.027	
81.9667	225.94	241.011	
222.107	126.267	143.916	
169.972	131.26	138.995	
150.191	54.1706	138.01	
58.124	31.1238	140.123	
56.034	156.042	175.031	
193.051	243.056	11.0006	
246.498	209.772	242.037	
148.992	55.0586	69.9714	
215.01	29.1906	45.9877	
89.1242	211.039	230.032	
183.214	155.235	40.9937	
246.551	209.985	240.049	
31.0206	126.845	107.017	
60.9912	67.7308	93.9874	
220.614	195.021	35.9876	
213.985	89.8299	145.991	
183.249	155.827	39.011	
124.855	84.7055	86.9094	
56.1258	155.919	171.987	
83.2094	72.7104	8.99535	
231.973	144.101	150.015	
184.159	91.0163	162.023	
183.36	155.911	36.0451	
19.032	239.016	95.9593	
245.775	24.2146	192.045	
245.827	24.0438	193.977	
176.761	25.2567	144.997	
233.053	143.947	152.924	
42.8656	74.8249	203.021	
187.298	67.2254	156.966	
159.242	183.695	159.02	
187.094	67.8364	155.01	
55.7703	28.7707	242.112	
213.95	90.1699	148.94	
43.1078	74.2025	204.952	
59.7898	76.6275	16.0078	
17.1267	84.7816	6.01817	
150.974	117.855	200.935	
176.824	25.6394	148.925	
151.87	5.96238	33.9849	
59.3782	76.1185	14.0607	
213.464	91.0851	152.01	
182.367	121.093	37.0631	
118.37	54.1409	25.0091	
150.86	192.099	49.999	
159.022	183.328	161.932	
124.136	237.97	130.954	
196.142	46.1072	83.9909	
158.717	220.111	110.956	
101.106	31.0479	123.02	
7.77768	93.877	217.963	
232.195	10.099	188.97	
232.288	60.353	81.06	
92.139	32.077	48.1118	
225.109	25.0595	100.988	
52.8111	58.8065	29.938	
33.6103	24.8951	45.0072	
118.434	53.8742	27.9026	
152.349	172.268	44.0528	
71.8766	111.961	168.053	
127.106	42.2134	12.9487	
227.143	198.121	134.017	
103.111	235.038	26.0491	
11.8865	23.0158	90.9848	
127.143	42.9969	11.0196	
136.827	123.245	246.114	
141.335	122.904	44.9344	
191.735	178.822	208.022	
230.988	88.0678	69.9753	
232.995	193.095	112.026	
196.009	46.1583	86.8952	
181.991	92.7459	180.029	
230.885	88.8792	68.0602	
181.972	92.7865	181.97	
232.27	193.953	114.991	
141.136	117.041	101.973	
182.028	92.6523	178.057	
39.7644	223.063	52.0324	
203.59	168.902	184.038	
146.226	244.005	51.0881	
56.2154	148.696	38.931	
56.8225	148.227	37.0506	
147.038	208.909	135.986	
198.055	85.0468	243.97	
122.211	38.7453	125.043	
151.858	172.776	46.953	
83.7398	53.8312	137.973	
140.913	116.97	99.0714	
32.1088	177.176	152.975	
174.646	217.801	67.9755	
53.0851	82.9944	116.907	
13.9248	40.9993	24.0374	
14.0174	40.2402	26.9685	
236.086	143.667	158.946	
207.816	241.898	48.9903	
194.964	105.883	244.034	
155.784	184.079	180.985	
62.714	66.3045	102.033	
191.766	178.119	205.058	
83.7092	53.2347	139.993	
194.871	105.923	245.977	
182.88	91.9015	174.011	
182.99	91.8462	171.978	
59.5554	215.9	160.024	
194.942	105.961	247.965	
141.192	122.767	39.0869	
93.7661	26.8248	235.905	
53.0211	246.013	170	
215.687	41.0927	109.02	
69.8934	163.722	44.0023	
94.211	25.7514	243.938	
16.1674	198.128	127.958	
86.3052	25.2346	175.993	
69.7089	163.702	42.0599	
38.9624	181.155	94.9863	
59.7458	215.904	161.977	
248.734	103.778	224.056	
70.06	163.32	47.0059	
139.892	21.1726	111.026	
194.184	35.1751	140.983	
20.1802	66.0976	148.876	
97.6572	107.676	212.019	
146.745	242.762	45.0231	
57.8832	148.943	33.007	
77.7788	121.196	142.039	
66.2844	9.98022	67.9923	
195.65	105.229	241.949	
38.2378	213.993	32.8858	
167.794	128.848	186.903	
217.8	245.772	219.013	
93.8446	26.0067	238.996	
162.851	236.741	13.9956	
94.0283	25.837	241.956	
226.42	199.019	139.953	
239.827	62.7174	239.017	
39.7368	68.8722	118.015	
205.74	109.11	9.05231	
13.9889	194.9	77.0075	
148.276	50.9652	234.975	
195.957	105.16	239.983	
163.249	198.141	243.975	
107.89	14.1031	182.021	
66.6453	9.81448	66.0675	
27.9688	191.885	192.94	
217.62	133.847	96.9857	
167.739	128.943	185.018	
62.7731	195.119	162.028	
70.6935	163.36	52.9668	
99.8543	166.09	133.023	
70.7847	163.799	54.9788	
147.015	242.195	43.027	
62.1812	64.0469	118.007	
180.91	92.1324	111.97	
35.1607	14.272	88.9875	
231.008	60.2199	77.0326	
228.835	44.142	40.9381	
62.7465	64.9745	112.014	
19.7593	205.096	16.9009	
49.9634	107.961	167.041	
148.86	51.7986	233.05	
217.609	133.847	94.0334	
50.8936	84.1556	78.0325	
228.763	44.1384	39.0352	
247.831	6.14658	131.055	
28.003	211.917	67.9499	
60.3334	24.8705	221.974	
19.6515	233.975	116.008	
220.823	129.803	34.9674	
33.8965	124.287	141.973	
101.189	222.827	76.9968	
9.2585	163.891	124.022	
14.193	115.106	156.978	
63.5858	194.981	166.02	
101.393	169.092	185.999	
220.419	129.901	31.9797	
67.8064	244.031	246.057	
48.7231	109.808	169.009	
227.753	147.909	215.056	
248.312	201.25	90.0527	
231.006	195.019	119.894	
203.699	55.9101	122.032	
104.826	11.8627	226.03	
145.823	141.975	151.906	
27.928	175.848	242.049	
104.94	11.7761	227.99	
101.275	222.879	78.9352	
229.894	94.0634	48.9924	
116.909	101.219	205.995	
238.454	137.904	233.015	
19.6732	205.887	19.0072	
122.793	207.904	78.9898	
210.09	42.0508	227.978	
196.611	205.786	156.04	
34.9126	99.7743	186.968	
61.7641	195.162	157.027	
196.77	205.678	157.963	
145.304	141.938	150.027	
101.138	222.286	75.05	
89.9578	117.854	109.001	
229.841	195.957	122.989	
106.04	218.239	104.917	
67.1142	244.176	242.074	
105.818	218.831	103.047	
100.778	234.217	32.9104	
46.0019	112.961	171.957	
198.002	103.078	203.99	
217.859	70.7386	118.899	
217.897	70.8097	117.025	
52.7874	20.1395	52.9613	
69.8725	15.2339	170.994	
116.85	101.141	204.063	
233.699	216.249	67.0295	
88.7746	6.19264	179.96	
35.1674	127.188	55.0754	
50.4138	106.135	158.99	
100.001	234.012	34.9433	
66.8745	144.711	240.043	
246.774	210.087	228.128	
229.65	93.8548	51.8846	
231.563	10.7857	177.092	
85.2447	73.0709	99.0219	
233.628	216.097	68.9391	
109.017	112.831	104.024	
187.943	184.176	178.016	
31.6904	105.156	115.942	
244.27	159.163	202.904	
228.101	31.3137	231.959	
124.003	188.109	230.998	
153.488	96.143	11.0054	
73.1761	37.1462	243.971	
154.169	162.061	212.022	
228.066	31.144	230.018	
59.2038	25.9592	229.012	
187.225	184.977	174.014	
228.233	31.8898	233.977	
234.39	111.018	149.964	
69.1039	15.2242	168.068	
67.787	206.782	248.025	
194.932	212.007	135.043	
138.169	115.015	124.018	
71.7823	6.03114	199.039	
177.072	58.2473	99.9548	
83.9332	149.269	43.0706	
122.909	103.98	91.9916	
187.212	184.962	172.023	
187.641	184.091	169.964	
188.135	184.144	179.974	
236.466	87.8794	235.023	
224.108	11.9217	234.008	
233.902	216.808	65.0785	
52.2769	20.8044	56.0271	
193.836	64.8722	52.9722	
154.931	198.211	26.0461	
217.215	16.0653	76.9632	
244.644	159.923	198.083	
234.76	68.9322	128.011	
154.984	198.029	28.9259	
206.084	144.18	230.966	
185.729	50.0816	146.007	
206.305	144.187	229.109	
29.0912	85.8347	133.005	
209.183	227.964	21.9079	
145.207	55.9152	169.038	
76.9487	243.157	44.0327	
139.042	115.199	120.082	
49.9513	156.904	230.99	
96.3035	127.965	243.989	
105.111	188.902	133.997	
84.0292	23.9436	191.99	
167.023	17.914	49.0227	
237.181	143.802	165.819	
193.751	214.981	47.0475	
185.691	50.0251	148.897	
50.281	54.8458	247.879	
158.66	173.054	122.037	
84.9215	23.9987	187.986	
29.6978	86.1237	130.006	
104.865	167.13	87.9276	
158.851	22.802	160.008	
64.9355	10.0807	112.119	
64.3051	9.96056	114.008	
30.1387	86.3705	127.027	
159.825	25.7391	89.9819	
159.885	25.3185	91.9287	
123.851	188.181	227.169	
46.9701	116.805	192.987	
114.991	73.2431	77.0663	
71.0065	231.161	164.053	
211.105	93.6714	74.9943	
12.0213	218.028	175.063	
246.797	112.983	22.9802	
172.933	171.047	147.977	
46.7825	116.761	191.115	
50.1067	23.9948	65.992	
139.994	115.847	116.019	
76.365	243.984	46.9679	
49.7416	156.037	228.043	
31.6525	53.1318	21	
140.367	115.959	114.01	
193.988	215.913	50.9747	
176.231	48.9681	18.0081	
158.972	201.866	185.046	
123.159	103.902	95.9193	
44.2256	143.807	81.889	
51.2408	21.9613	60.9977	
97.8999	125.818	232.982	
211.435	92.9303	73.1391	
49.1702	162.972	80.9623	
148.742	217.042	193.998	
19.2387	97.0347	68.9663	
104.989	167.039	85.0784	
125.885	201.827	39.0387	
158.822	173.883	120.023	
96.9355	127.092	240.039	
148.213	217.104	192.007	
208.074	15.9981	103.994	
166.065	237.739	106.938	
244.86	211.726	16.0145	
50.5924	162.155	75.9144	
158.599	171.824	127.839	
114.827	213.029	60.9307	
166.205	237.824	105.034	
95.2194	178.065	152.998	
195.242	245.985	244.936	
195.193	246.04	243.055	
204.934	149.084	103.069	
164.272	243.337	219.807	
146.055	235.887	121.052	
19.5377	97.572	65.0414	
230.137	116.944	98.0276	
6.782	54.1534	151.048	
229.665	93.0847	54.9112	
227.872	30.211	225.024	
51.9229	161.868	70.0241	
114.802	213.859	59.0647	
223.529	246.984	120.071	
188.031	183.254	164.122	
51.0831	162.026	72.9937	
107.031	86.257	229.02	
158.106	201.911	183.032	
36.8691	194.026	219.947	
79.3498	163.062	161.058	
142.356	38.8584	89.0225	
67.0475	145.888	216.977	
70.849	103.995	150.929	
202.257	145.906	123.017	
79.2542	163.061	163.951	
13.9011	191.769	220.013	
198.949	74.9722	122.939	
181.95	244.007	193.031	
107.04	86.3569	226.977	
146.06	235.826	122.977	
151.63	223.714	67.9546	
40.9077	143.87	214.076	
71.9456	40.7558	134.913	
52.6799	161.769	67.0203	
209.143	219.879	198.017	
189.92	182.016	187.996	
217.092	244.315	209.066	
168.805	142.844	26.0199	
199.048	75.8601	121.015	
13.2217	81.9966	112.952	
85.8363	112.133	76.9926	
71.7859	53.2578	71.0023	
245.715	113.064	19.1142	
147.837	217.261	189.126	
13.9201	81.3043	111.082	
33.2703	221.981	93.0221	
180.527	72.9449	248.09	
195.809	248.835	112.006	
239.952	118.916	193.022	
111.974	94.0514	155.973	
70.9118	41.023	131.132	
19.0269	17.6156	242.031	
223.733	246.904	116.024	
245.049	211.243	10.0384	
182.221	243.996	195.936	
83.8191	63.0055	172.987	
191.315	179.204	196.119	
19.9884	134.029	168.074	
216.943	244.28	207.04	
19.9843	134.09	169.913	
211.916	39.1565	155.981	
158.402	170.076	129.947	
140.07	86.1025	172.004	
169.884	63.95	63.9713	
37.7233	215.913	39.9526	
51.104	246.218	62.0166	
42.046	13.8528	244.961	
134.144	8.02661	22.987	
208.916	219.799	199.919	
110.872	62.9033	51.9468	
156.953	201.939	179.053	
197.972	170.265	136.96	
158.755	60.9973	23.9498	
36.0393	34.9764	13.9688	
157.882	61.9391	26.9248	
151.69	155.205	110.928	
14.1356	191.106	218.058	
193.192	210.858	29.023	
214.462	82.9137	52.0168	
106.396	86.1361	234.052	
20.007	236.041	106.99	
58.6905	193.302	144.992	
36.69	34.8634	11.9603	
158.86	60.8481	21.0944	
21.9047	216.085	238.046	
67.7856	176.748	227.048	
198.699	127.95	242.006	
26.1993	233.306	166.033	
147.137	89.1352	138.986	
179.429	131.882	243.989	
219.257	108.003	145.123	
144.019	24.2479	53.0222	
10.0836	68.8783	16.0763	
162.774	230.13	38.0314	
247.333	128.771	126.899	
9.03211	159.342	145.072	
162.708	230.175	39.9657	
29.6051	163.122	219.011	
37.7536	217.087	42.9536	
9.95673	68.9788	17.8951	
59.9846	42.8799	203.002	
29.2509	163.089	217.079	
139.344	191.836	155.044	
15.1158	14.8319	55.9242	
14.101	14.6844	53.0864	
153.436	7.92671	110.131	
37.7315	34.1962	7.97348	
234.869	231.807	149.95	
39.2296	179.825	84.0582	
58.0915	192.89	141.03	
67.0976	144.91	222.957	
178.397	9.06875	203.022	
125.025	13.1131	80.0312	
39.9918	18.1676	230.041	
35.951	57.8919	152.985	
36.1013	57.8281	151.03	
149.089	215.814	200.868	
213.824	83.9745	13.0243	
213.253	83.0229	14.9937	
58.0375	192.803	139.152	
151.291	28.931	222.056	
219.597	151.03	45.9921	
40.0159	55.3013	201.977	
195.645	37.9426	186.05	
236.032	191.239	234.108	
106.103	214.048	18.0188	
29.6152	128.199	205.05	
180.012	71.8988	243.081	
35.812	68.7224	97.0001	
39.914	17.9944	231.907	
124.725	13.2378	81.911	
248.585	182.194	77.0727	
45.215	114.881	177.863	
139.336	191.047	151.061	
126.147	99.1571	174.983	
151.657	28.8475	224.028	
244.196	22.5982	209.984	
70.0131	97.7844	59.0051	
181.897	69.9868	214.106	
213.865	83.9873	11.0117	
248.122	95.9271	10.9693	
39.8534	18.9047	227.995	
135.731	100.752	193.988	
10.0702	182.006	20.0016	
226.724	230.053	189.984	
38.0248	68.1946	106.077	
34.8978	68.9636	93.0579	
92.0102	117.019	119.929	
142.168	236.863	203.005	
165.336	243.119	244.102	
191.851	109.161	114.017	
85.9691	112.109	80.8836	
183.287	49.8979	205.979	
217.678	198.9	84.9832	
115.415	179.044	72.9981	
11.8162	157.906	232.037	
193.305	212.958	38.0396	
196.022	38.1849	188.865	
224.751	240.87	63.099	
80.4074	161.861	135.818	
21.3286	52.8196	244.014	
213.355	83.818	17.9574	
248.206	182.116	78.9592	
123.966	85.768	198.986	
67.0746	144.686	225.981	
31.3099	173.045	217.024	
230.904	123.731	14.9769	
126.417	87.8055	71.0628	
113.453	75.1083	136.002	
36.855	68.244	100.014	
23.107	211.011	225.023	
149.038	213.859	205.966	
213.097	181.019	243.974	
85.1162	167.96	199.976	
50.6668	127.997	103.138	
230.554	123.202	12.0137	
70.1071	97.2146	60.8621	
70.983	144.828	61.9907	
10.1829	38.1448	168.037	
184.448	177.724	89.0188	
238.424	66.8922	225.012	
132.008	152.883	176.958	
222.29	89.0548	208.929	
48.1124	224.861	184.083	
123.755	85.9812	197.068	
11.9356	157.881	233.972	
70.6271	236.122	75.0082	
230.475	123.053	9.03431	
103.053	225.048	237.033	
215.874	244.37	201.075	
199.045	127.173	235.101	
215.176	244.844	199.018	
21.4007	6.91514	136.937	
126.771	12.1142	72.8875	
10.8635	182.279	17.1017	
12.0468	144.192	114.097	
37.7754	68.179	104.03	
155.709	64.0756	34.8896	
165.232	236.767	113.851	
186.63	120.363	214.033	
35.7161	38.1735	148.036	
66.5502	220.972	71.9608	
103.022	225.019	238.856	
203.251	118.904	153.005	
93.0669	116.175	124.015	
219.579	68.0845	135.078	
213.056	180.019	240.001	
220.433	44.6518	75.0293	
114.69	145.954	113.023	
110.202	127.897	136.956	
110.091	60.0603	58.9654	
88.7249	92.9503	74.9569	
127.511	12.0233	69.9548	
209.018	127.837	121.884	
11.1309	38.2939	165.109	
210.537	36.9412	175.95	
124.146	35.078	165.983	
127.952	11.9796	67.0538	
226.24	71.0998	245.89	
22.2509	213.171	230.927	
90.19	184.835	172.044	
179.175	131.302	247.833	
124.264	85.1715	202.969	
203.22	119.025	154.86	
225.039	71.4089	243.064	
23.6599	169.097	198.993	
175.316	61.7761	114.985	
141.845	114.725	81.0083	
151.888	30.0543	134.081	
90.1764	184.944	173.893	
93.4834	82.0023	159.979	
220.761	67.8741	142.963	
195.892	208.967	143.925	
104.753	84.1552	26.0258	
52.7214	137.853	195.966	
237.869	142.905	173.013	
103.768	142.847	230.95	
219.019	66.0455	171.014	
136.603	183.108	12.9614	
227.721	28.1789	215.137	
18.693	56.999	40.0368	
93.6067	82.1013	158.039	
95.7954	136.91	142.993	
131.198	152.89	179.954	
63.4264	242.068	19.9747	
194.066	148.892	205.003	
209.911	128.114	119.117	
87.8052	128.183	48.0051	
151.558	30.2269	136.009	
223.173	71.8667	240.805	
213.717	181.122	248.017	
147.053	245.985	220.952	
105.127	86.1662	239.892	
147.07	245.972	219.084	
222.305	129.919	193.982	
210.457	37.1264	172.058	
89.9692	102.117	159.028	
71.6328	184.98	190.982	
99.068	59.1345	13.0083	
161.111	73.228	237.957	
13.8148	141.862	189.938	
190.051	71.1819	103.016	
104.917	186.85	122.996	
11.9849	142.977	19.9379	
74.8661	201.817	80.0383	
19.0467	108.001	248.029	
13.1344	175.151	104.975	
129.096	152.777	189.024	
124.379	85.012	204.921	
219.827	66.1497	168.026	
160.784	73.1071	236.015	
206.941	205.144	63.0337	
147.123	246.839	223.901	
139.864	196.839	194.92	
13.7224	141.096	186.968	
247.162	218.181	90.0791	
199.776	33.945	118.977	
179.228	237.108	228.023	
180.17	132.402	236.203	
233.705	45.0885	99.0786	
233.779	45.1179	100.915	
175.268	61.8854	117.848	
200.371	79.8099	222.098	
247.133	218.062	92.9299	
164.019	43.0943	74.0171	
211.023	38.2741	163.992	
128.835	152.443	191.003	
130.67	152.929	182.939	
215.904	13.9721	205.942	
19.9094	107.124	246.019	
157.802	183.801	68.9994	
221.396	111.257	39.0026	
110.279	100.958	55.0335	
224.098	11.2529	223.213	
6.05779	95.9626	140.089	
129.801	152.859	186.003	
147.421	55.0908	155.933	
221.419	111.816	41.9534	
234.721	126.941	170.937	
167.241	156.248	86.9413	
99.9712	59.2072	11.0376	
148.083	139.037	189.964	
161.146	39.001	27.9743	
74.9012	239.373	130.012	
110.51	100.881	56.9792	
124.365	126.102	109.945	
12.8103	183.186	13.0233	
242.872	47.8463	59.9972	
55.1342	98.8861	45.9381	
19.9996	15.6446	64.0086	
216.218	20.045	160.911	
35.0154	38.7536	153.887	
166.851	156.223	85.0089	
33.3883	200.063	96.0191	
125.719	211.246	234.968	
69.8993	163.032	246.029	
20.9869	15.6891	65.976	
78.0278	14.1557	87.9671	
122.308	104.077	117.983	
64.7753	176.976	189.984	
122.627	15.9467	233.951	
122.898	16.8531	231.937	
128.289	152.348	193.95	
210.57	37.8324	168.024	
166.319	156.217	83.0054	
70.9381	106.89	158.003	
130.761	207.21	20.0227	
122.631	104.093	115.975	
136.941	102.971	232.088	
151.591	139.059	205.984	
225.901	198.004	179.073	
24.8926	132.953	85.0143	
64.0586	176.14	188.04	
122.846	104.166	114.049	
123.925	126.079	106.056	
164.795	243.017	238.055	
125.253	211.289	232.058	
221.185	219.144	91.0401	
78.8954	14.2054	86.0182	
110.41	100.712	58.9129	
161.141	38.8757	25.0861	
220.152	66.9313	165.011	
68.7527	124.084	206.005	
221.226	219.164	95.964	
93.0672	109.157	39.9736	
183.58	139.792	111.05	
117.952	86.1681	108.983	
49.9714	209.155	74.0709	
183.407	139.312	112.97	
105.302	32.2647	169.038	
106.151	163.148	66.9973	
161.292	38.009	22.081	
149.226	26.0498	27.9888	
183.023	139.824	114.957	
178.864	26.9478	10.9943	
105.314	32.8801	167.061	
194.221	65.1185	247	
161.444	37.0136	15.947	
105.885	32.0617	164.06	
117.028	86.2042	110.934	
97.5411	48.0511	31.0019	
165.31	156.074	78.9644	
126.388	55.0252	158.967	
161.422	37.179	17.9917	
42.2102	52.8817	105.922	
13.7902	174.972	98.0122	
164.384	243.281	229.988	
184.866	134.076	29.0668	
103.822	224.92	233.266	
199.862	223.886	161.098	
200.996	12.117	123.011	
158.227	49.7927	206.906	
161.277	36.419	12.986	
13.8901	39.1836	158.101	
126.25	55.0607	157.087	
158.65	89.8582	174.868	
150.929	139.312	200.999	
155.481	178.775	17.9779	
56.0415	87.2349	177.94	
135.889	70.1044	56.0196	
47.7583	83.8563	93.9896	
45.7726	14.112	207.068	
143.857	29.0899	13.0285	
179.94	220.882	157.97	
199.973	12.087	125.92	
118.856	86.0838	106.998	
236.785	131.995	246.933	
44.0878	219.202	135.955	
159.054	72.1463	227.98	
243.348	25.0742	101.997	
150.322	139.289	198.95	
178.986	27.0735	9.10124	
93.0412	109.633	36.0238	
132.974	70.0478	136.007	
119.201	85.9631	105.096	
37.7794	79.6564	174.911	
155.328	178.018	20.9772	
170.092	147.334	245.95	
123.191	104.188	110.033	
199.919	207.888	108.004	
23.1632	115.764	189.038	
235.229	126.827	168.146	
92.7623	109.77	30.0214	
221.12	67.865	148.952	
44.0648	219.865	134.092	
189.374	23.9791	87.9345	
45.0918	14.766	209.002	
123.303	104.127	107.989	
176.073	148.434	163.969	
181.301	243.774	128.97	
131.413	243.97	31.9925	
90.2727	101.888	154.143	
161.96	226.796	237.922	
55.8929	87.8076	179.956	
237.072	150.641	66.0088	
92.6606	139.952	71.0515	
73.2275	77.8907	182.949	
147.945	106.991	171.942	
164.534	243.12	234.033	
164.554	199.246	223.854	
189.317	23.2615	90.029	
85.1929	16.0987	107.984	
201.933	82.679	102.915	
22.1206	147.907	133.933	
158.323	71.9351	224.021	
92.6015	109.789	28.0268	
215.737	211.897	228.952	
221.735	67.1137	157.056	
62.6339	196.617	210.986	
153.256	96.8727	203.015	
50.0392	82.787	101.032	
212.942	178.647	232.213	
23.0122	138.881	234.026	
84.9644	16.9845	109.955	
221.802	67.1725	152.981	
57.8086	234.96	41.986	
47.1573	92.9547	18.059	
120.816	80.8618	42.9356	
142.135	10.0728	249.027	
205.142	147.776	113.968	
215.989	211.984	227.125	
173.343	9.87844	118.968	
158.077	71.8778	222.101	
103.687	220.804	93.0357	
47.9579	92.8723	21.9211	
47.7911	92.9347	19.9931	
102.044	78.8205	11.0458	
101.995	78.9106	12.9836	
126.679	210.887	241.922	
39.9949	139.744	139.166	
144.925	217.87	238.046	
203.989	53.9844	248.064	
202.847	245.948	137.02	
81.8765	195.093	220.008	
106.801	72.9118	98.0311	
151.645	138.22	210.98	
42.8342	52.0041	109.911	
158.106	100.07	78.9667	
30.1167	76.0691	71.0266	
211.642	13.3281	22.9513	
182.888	191.093	28.9443	
154.376	175.952	27.9578	
97.9017	157.948	149.031	
109.756	118.987	204.024	
137.003	59.8526	103.005	
17.9629	143.956	205.004	
136.175	58.8762	108.974	
136.698	59.221	106.013	
126.913	210.821	243.975	
146.088	216.062	238.975	
73.7683	247.071	181.122	
200.079	102.874	40.0388	
73.6074	247.776	185.018	
194.822	197.126	87.0675	
164.465	199.144	228.027	
148.819	135.145	110.988	
105.926	72.9464	101.926	
53.9082	43.0914	222.019	
111.119	129.969	172.045	
176.211	107.422	11.057	
50.7195	46.0508	166.068	
102.064	78.7671	9.11193	
73.7415	247.079	182.96	
155.979	202.73	170.136	
30.7117	90.1338	217.035	
24.8026	232.871	179.881	
115.768	230.907	198.021	
124.661	84.8917	211.946	
147.071	214.145	237.016	
26.8751	129.088	94.1205	
215.155	211.236	231.897	
57.1425	200.948	200.014	
18.8255	143.886	207.92	
159.773	92.8573	94.0151	
9.91141	153.694	76.0144	
80.0938	162.162	146.043	
144.213	24.8229	42.1818	
243.662	136.833	210.986	
232.752	230.015	218.984	
184.56	45.096	121.942	
184.627	45.0238	119.025	
30.7382	90.0135	220.953	
211.512	115.14	91.9577	
17.0157	143.859	202.032	
9.76588	153.924	77.9417	
244.496	229.783	194.01	
6.94916	156.915	84.1955	
51.9095	47.0204	144.975	
51.0294	45.2591	170.999	
176.085	107.694	12.938	
179.725	101.018	218.052	
126.69	89.0806	63.1804	
111.584	130.034	168.999	
139.884	92.1335	87.9775	
24.6644	232.725	181.925	
244.96	228.992	191.055	
170.855	157.041	96.9538	
170.02	156.945	94.9702	
24.8117	230.922	189.956	
110.575	130.083	177.921	
183.507	9.10535	17.012	
159.909	92.1375	97.9311	
50.7106	46.1893	164.047	
30.2259	89.944	223.913	
196.593	232.908	207.986	
138.837	188.813	28.0394	
97.1386	187.989	238.048	
13.0102	185.965	177.983	
43.2856	217.937	244.021	
220.221	107.819	136.144	
65.1941	197.015	41.9451	
24.5675	231.863	186.005	
15.901	143.174	198.996	
74.1087	83.157	131.028	
55.0322	42.9216	219.078	
25.082	230.086	191.993	
163.228	225.986	243.923	
166.081	219.936	136.984	
51.8341	46.9968	142.028	
247.149	208.882	216.009	
139.884	92.3016	86.044	
73.704	78.0083	186.813	
74.7967	83.2348	134.995	
24.6478	232.013	183.983	
29.9802	234.958	69.0345	
189.169	21.1551	95.9975	
166.136	219.828	135.143	
105.533	163.772	61.0998	
73.4258	247.92	187.889	
140.245	102.854	27.0632	
104.295	29.0467	71.0298	
127.339	210.84	247.924	
140.006	93.1366	83.097	
43.2247	218.03	241.963	
200.762	14.213	46.9408	
113.794	67.9551	239.972	
140.276	189.017	140.081	
71.9802	83.9449	119.973	
197.497	30.8361	52.218	
83.8314	173.051	217.06	
66.9544	143.006	132.979	
165.833	41.0691	64.0911	
56.174	201.014	196.065	
156.882	79.8687	71.0388	
43.7621	51.1218	113.987	
185.728	128.983	23.9732	
174.118	181.858	121.992	
169.902	170.739	177.006	
18.8771	61.9178	115.968	
51.2373	44.9813	173.852	
161.79	91.1298	164.164	
119.287	113.126	145.997	
134.029	146.19	7.04079	
132.161	128.228	151.988	
128.984	137.053	181.9	
171.752	79.7782	91.9523	
229.116	247.93	184.985	
153.709	92.9321	216.035	
111.982	130.17	165.113	
20.9398	74.1287	216.939	
199.005	169.737	125.157	
72.9255	83.3023	125.002	
110.769	72.113	89.8483	
211.055	35.882	185.831	
223.968	108.026	121.025	
72.6076	83.7845	123.068	
20.8115	71.9648	209.976	
18.2589	61.0648	113.984	
96.2881	141.256	166.037	
133.137	146.105	11.0317	
30.6859	90.1908	214.121	
20.8758	73.0366	213.024	
63.1053	83.9683	203.014	
23.9907	74.942	48.9563	
139.868	198.105	232.002	
183.7	10.0053	12.0012	
139.803	198.627	230.07	
153.554	92.1251	218.017	
109.524	99.9444	66.9146	
61.1565	173.189	211.025	
151.931	248.037	97.9829	
248.831	87.1243	132.964	
170.141	170.688	175.024	
131.937	170.089	25.9846	
164.897	224.324	246.106	
200.546	80.1732	111.047	
180.093	39.0641	88.0241	
114.222	11.2146	12.9981	
137.088	60.08	98.0993	
239.148	134.819	6.96893	
244.061	23.92	223.919	
185.463	5.94442	85.9879	
161.893	106.122	224.945	
104.38	28.9951	69.0507	
20.8702	73.3006	214.92	
171.965	157.825	99.9837	
248.927	181.883	171.008	
140.164	93.9843	80.0887	
97.7696	150.986	190.997	
232.473	95.9572	25.0474	
242.41	72.0713	148.045	
58.9828	78.0808	59.8572	
181.937	192.895	146.986	
71.4817	128.102	41.0454	
199.031	162.955	78.9008	
58.8801	78.1086	58.1277	
130.164	180.895	52.8858	
124.704	170.813	106.15	
198.925	163.052	77.0291	
248.894	181.951	173.975	
172.152	80.4982	88.9932	
236.528	42.884	222.009	
130.097	180.97	51.0412	
249.214	181.084	169	
27.7899	155.07	131.029	
78.5614	178.9	25.0727	
83.6181	172.022	214.03	
190.244	156.247	165.938	
18.9949	146.03	128.075	
78.5345	178.852	27.9989	
125.258	192.409	61.9596	
113.355	237.963	57.9995	
44.2478	61.0405	8.04968	
15.7744	167.076	168.09	
96.6492	141.31	168.932	
240.034	134.39	8.92573	
16.3074	125.071	132.975	
245.895	122.008	102.009	
180.498	112.242	153.944	
236.777	42.1213	217.056	
236.45	43.107	224.983	
82.2044	20.1596	116.954	
212.21	141.049	159.034	
181.087	112.82	151.025	
15.8341	167.088	170.939	
124.997	84.9119	216.954	
183.871	11.1658	7.0496	
176.71	80.7383	76.9971	
172.809	80.2478	87.0191	
134.606	66.2536	232.025	
151.117	185.984	217.997	
54.1752	30.1374	122.086	
106.113	33.2093	78.9415	
106.124	32.907	77.0441	
16.1161	123.888	125.005	
241.006	134.299	11.0004	
223.171	107.867	124.944	
179.378	32.8328	35.9644	
21.9395	107.132	236.016	
151.133	186.097	216.086	
63.033	83.8529	205.902	
51.0942	46.651	158.024	
74.9024	222.047	34.7942	
61.802	174.005	207.049	
8.85905	37.9676	180.925	
121.061	207.29	212.004	
65.2144	189.859	24.0896	
185.012	126.998	26.9174	
172.837	105.048	196.014	
43.1667	16.1942	217.966	
145.984	226.291	151.988	
98.9473	184.912	87.9684	
181.082	143.208	10.9167	
244.45	194.992	142.924	
145.478	226.187	149.988	
132.449	145.971	14.8591	
95.3575	57.8721	103.915	
82.7631	112.634	234.084	
16.0904	125.948	135.963	
81.4081	211.06	47.0624	
15.597	123.003	121.106	
234.026	179.011	16.7045	
242.051	134.187	14.9067	
9.08777	164.084	186.049	
146.522	226.925	154.007	
120.141	180.732	85.9571	
66.1935	234.726	192.099	
149.541	151.097	92.0151	
129.67	149.287	37.9975	
186.278	120.994	201.974	
194.557	234.937	149.021	
109.056	249.292	34.0225	
91.9294	224.558	17.0013	
220.687	219.154	83.136	
229.786	248.996	190.997	
241.952	134.178	13.0075	
91.0589	224.261	19.9502	
14.3365	121.984	117.979	
179.228	33.0446	37.856	
189.062	19.0007	102.98	
171.94	170.021	170.075	
179.531	32.104	33.0788	
224.719	142.88	74.0089	
140.949	95.7479	71.8735	
133.584	65.913	236.068	
82.8476	112.303	236.849	
138.633	249.056	145.105	
229.988	249.172	192.96	
244.52	25.1066	227.999	
39.6345	206.89	174.002	
140.333	94.9305	76.0254	
118.876	50.7044	235.067	
173.004	179.818	203.031	
40.9339	105.962	69.1004	
10.8057	99.2751	102.999	
194.763	135.033	154.019	
134.143	158.02	90.9939	
181.706	206.125	182.023	
118.774	50.6275	237.847	
106.48	131.275	51.1	
228.999	166.875	62.0179	
189.227	18.1854	105.94	
109.353	189.062	47.8627	
22.051	177.854	132.033	
137.983	68.9587	221.936	
48.6476	63.9458	228.907	
133.138	65.396	238.997	
172.683	179.219	205.958	
137.999	69.1074	220.024	
244.619	195.052	139.164	
249.751	228.256	134.988	
181.048	142.936	71.9742	
109.282	189.056	46.0088	
150.083	152.101	97.9861	
237.574	126.066	161.075	
70.383	126.958	46.0007	
203.877	116.946	75.9526	
69.7868	126.039	47.9564	
172.701	179.878	208.958	
167.742	126.161	202.896	
48.1838	64.8196	226.99	
139.722	70.9411	218.961	
151.375	138.024	217.824	
130.183	60.1358	84.8898	
130.096	60.1962	82.0399	
169.368	137.077	40.9441	
181.191	193.225	34.9058	
170.784	181.939	226.043	
144.105	238.979	216.91	
21.88	177.932	130.103	
129.619	149.871	35.0559	
180.958	142.892	70.0728	
189.603	193.198	116.993	
34.7901	139.021	121.902	
126.869	189.711	175.005	
229.085	166.84	63.9273	
90.4182	110.259	19.0475	
231.753	149.836	15.9323	
169.334	62.1233	203.032	
217.155	103.807	179.083	
126.003	189.749	172.07	
127.135	189.691	177.904	
37.0617	36.1269	98.0679	
36.9628	36.0985	99.8997	
105.774	88.0049	82.0266	
216.936	103.904	181.945	
147.618	248.887	231.967	
75.9928	225.135	173.985	
112.551	238.871	181.099	
170.073	136.988	43.9236	
138.02	69.1596	218.108	
34.1041	139.11	118.128	
199.1	122.704	173.079	
46.0446	50.0578	121.891	
203.913	82.9801	93.0712	
72.8169	114.743	125.033	
234.668	212.169	164.018	
237.211	234.981	26.9076	
141.998	210.994	38.0444	
8.79875	37.9315	183.87	
232.206	195.843	96.0067	
110.021	101.877	37.1038	
106.023	87.9239	80.1271	
43.8802	229.866	117.973	
224.183	155.04	189.986	
144.68	228.911	249.092	
173.096	169.975	166.061	
208.277	141.991	184.022	
55.0144	44.9416	8.01304	
168.126	40.169	58.116	
157.069	171.171	104.02	
167.258	126.028	204.955	
72.8835	243.089	61.9587	
152.258	69.1099	185.978	
179.858	176.518	102.928	
119.025	115.015	156.928	
204.05	80.8504	81.097	
64.2734	78.9489	217.96	
172.997	103.906	187.069	
169.24	61.952	205.822	
188.843	102.092	88.9722	
48.2876	156.19	248.064	
151.947	245.89	164.04	
53.0248	44.0559	179.866	
92.8725	224.28	13.1147	
189.203	101.808	86.0834	
104.995	238.853	163.931	
171.085	181.113	221.992	
108.112	106.34	234.998	
24.9111	196.067	163.972	
147.376	152.993	72.8978	
54.018	42.1036	12.1125	
229.325	166.488	65.8281	
179.481	31.1181	29.0537	
235.265	181.897	32.9515	
164.861	125.98	215.057	
189.531	192.877	120.873	
23.1914	195.748	161.014	
178.92	176.701	104.962	
76.0559	222.81	38.9166	
217.045	245.003	233.713	
204.026	81.0206	210.002	
189.764	101.372	83.9982	
176.058	95.92	246.028	
180.076	33.9749	100.996	
204.261	81.6121	84.0156	
210.881	157.081	166.853	
173.357	103.133	184.002	
105.73	248.086	73.9729	
113.853	236.896	187.891	
129.742	129.888	142.139	
104.844	165.096	54.0252	
190.838	101.342	80.0189	
204.266	82.1252	87.9861	
201.419	148.307	67.0479	
193.982	134.792	147.141	
201.372	148.037	68.9496	
190.142	192.155	109.067	
105.252	238.868	165.914	
188.871	102.891	91.9227	
54.0381	240.194	216.988	
21.0352	195.137	156.043	
171.598	180.117	217.008	
179.718	36.0517	95.9821	
195.711	23.0733	24.0542	
79.5204	19.0687	222.991	
18.6677	16.8387	157.976	
24.0152	34.8382	79.0152	
179.846	35.0765	98.0222	
79.1618	18.8546	225.946	
18.7331	16.0425	156.094	
226.247	225.944	236.062	
213.807	218.021	182.056	
50.3559	228.751	77.0585	
199.432	102.726	32.2306	
14.2641	59.0085	227.023	
226.337	28.2497	188.986	
49.0856	227.249	18.9039	
179.241	30.0479	24.9957	
233.891	168.15	163.932	
50.4257	228.786	78.9563	
68.0843	104.059	191.975	
208.054	60.9759	99.0019	
48.2707	49.0353	127.891	
226.228	28.2431	187.021	
39.0247	106.02	60.0544	
76.7069	223.086	40.9392	
20.1314	195.14	152.994	
68.0007	104.132	190.073	
38.805	106.112	58.0227	
193.033	11.9543	212.13	
103.881	98.5073	127.116	
156.466	169.93	98.1056	
87.0496	157.69	30.9293	
195.953	170.971	107.917	
172.187	14.1715	104.124	
192.593	10.9431	216.995	
165.808	125.875	211.037	
9.68393	90.8678	243.984	
18.058	20.9299	217.832	
220.914	180.866	66.1313	
226.482	28.212	190.946	
204.755	149.893	134.824	
53.9544	175.634	152.045	
63.0341	140.979	79.0877	
64.1431	102.771	228.043	
82.2197	134.748	229.001	
175.07	34.9845	182.012	
9.82433	139.127	60.0596	
239.575	126.764	152.003	
182.312	201.936	189.942	
82.3666	134.64	227.122	
103.215	99.0017	128.855	
109.326	101.282	30.9811	
105.821	112.157	184.945	
9.22084	90.0823	246.903	
30.3514	158.219	84.9787	
121.613	110.746	46.0617	
64.7075	193.073	33.9332	
185.366	140.666	96.0685	
198.04	59.8133	219.033	
106.399	113.144	186.93	
239.05	126.185	155.017	
116.786	55.8648	7.19626	
167.976	7.0036	81.9142	
49.0321	227.012	16.0942	
8.79573	37.8925	188.899	
90.1004	224.848	24.7807	
198.954	59.0563	216.032	
96.9618	197.171	90.9324	
48.3142	60.1821	16.9375	
160.682	34.4254	48.0137	
73.8075	116.97	132.188	
175.942	179.061	112.031	
80.5372	20.1949	216.068	
148.977	142.931	163.87	
50.1761	205.015	232.996	
129.04	13.9028	158.999	
6.19511	195.973	235.968	
122.982	209.07	221.031	
68.8521	104.151	195.854	
96.2521	198.02	97.0547	
238.808	51.2199	6.88408	
63.0088	221.768	125.906	
199.793	58.7828	212.953	
160.222	34.267	45.9965	
108.107	238.96	171.872	
207.943	61.7566	96.0586	
96.9702	197.892	93.0017	
96.8321	197.934	95.0241	
8.16718	95.9692	127.174	
51.8557	185.971	226.259	
141.762	42.0618	71.1166	
109.713	238.991	173.121	
9.08255	218.758	213.013	
49.0173	97.0649	202.026	
42.1374	175.845	132.027	
41.9385	175.917	130.097	
32.0565	53.0396	223.04	
220.708	202.021	53.981	
243.569	107.224	122.029	
161.27	149.107	147.927	
102.715	151.151	247.933	
80.1238	162.677	15.0244	
31.7385	52.9572	224.945	
43.9454	247.128	215.079	
11.127	35.2622	246.011	
185.313	140.765	93.0548	
232.033	145.053	26.937	
150.899	65.2251	193.859	
159.72	34.407	42.0547	
235.943	181.823	36.8668	
223.328	202.037	161.904	
30.9509	52.8942	226.903	
42.9995	175.789	133.981	
52.4551	22.8339	101.953	
92.2636	239.811	65.9645	
11.7777	35.2095	244.013	
220.605	202.074	56.0115	
49.2911	97.0378	200.159	
5.80373	39.0864	216.066	
39.1024	35.8791	91.1212	
232.152	110.027	166.789	
39.988	35.766	89.0541	
149.118	184.08	234.202	
42.2096	34.2842	84.9659	
74.9855	230.901	214.999	
81.0334	162.132	16.9972	
25.385	37.8605	219.067	
159.954	35.0673	40.0376	
187.149	146.011	235.968	
232.413	109.931	241.933	
234.343	180.159	22.9225	
210.826	141.066	172.936	
171.57	168.051	72.9661	
124.802	145.738	228.014	
184.993	140.861	89.0319	
107.917	115.966	191.1	
158.089	162.858	164.02	
146.006	11.5419	140.033	
82.859	161.43	19.0428	
126.437	53.8519	61.9637	
109.887	224.175	216.953	
124.911	145.137	226.141	
34.3905	53.8457	217.095	
52.8269	22.1866	99.9597	
163.505	10.7761	137.019	
112.495	6.03758	125.936	
124.611	36.7806	29.9565	
126.349	53.7495	60.063	
185.732	107.816	20.0678	
178.07	155.018	134.041	
130.56	147.97	24.9269	
187.457	146.076	232.052	
51.1871	241.13	224.918	
51.333	112.15	10.7954	
10.8237	218.821	202.979	
201.181	146.079	74.9112	
18.6114	20.2331	223.975	
25.7603	37.1113	222.906	
220.306	179.86	71.8349	
66.7335	206.981	130.975	
231.105	206.076	228.077	
169.994	79.2713	105.847	
72.9513	232.03	209.09	
222.328	109.856	71.0054	
108.163	214.214	195.015	
126.026	38.7535	93.9249	
64.8707	77.8233	226.871	
126.18	39.0098	91.9814	
73.2701	231.918	210.932	
222.542	109.968	69.0615	
233.684	213.837	149.931	
54.1647	112.674	15.9443	
85.2132	160.361	23.0597	
239.285	109.016	63.0224	
75.2771	86.9101	155.051	
126.15	39.1695	90.0746	
135.221	105.358	10.9966	
221.127	129.885	220.016	
15.0228	118.975	58.7696	
135.183	105.781	9.01444	
75.3902	87.0973	156.988	
115.906	14.1167	23.916	
83.7738	95.1069	187.107	
83.7333	96.0016	184.968	
98.9192	21.7923	86.9008	
137.659	131.15	212.141	
128.653	159.117	71.0562	
108.23	214.148	196.827	
182.841	21.2495	51.076	
99.1991	22.0882	85.1263	
189.037	158.89	120.111	
232.354	109.044	238.167	
117.066	15.1627	28.01	
55.9393	112.77	18.9786	
118.6	15.8769	30.0468	
173.001	182.106	245.01	
116.795	14.9812	26.0845	
118.854	15.9737	31.9622	
158.409	162.657	160.141	
222.02	79.0023	97.084	
161.738	237.02	69.0076	
111.971	106.931	243.017	
8.1171	37.3922	195.908	
149.659	142.821	171.966	
150.044	184.161	232.036	
32.8212	194.981	82.0049	
223.491	201.069	166.948	
32.8731	194.263	79.9791	
107.965	224.268	223.039	
235.939	120.893	208.896	
53.633	67.0518	43.9843	
149.639	142.923	169.905	
163.026	235.246	62.9228	
161.913	236.816	67.0543	
167.913	6.94978	85.7671	
162.491	236.167	65.0021	
153.689	75.9636	88.9694	
40.2573	175.943	127.062	
28.0975	53.0342	230.982	
197.549	247.781	226.032	
234.777	234.915	228.972	
153.668	75.2343	91.0483	
125.55	80.9108	240.957	
119.097	16.0095	33.8362	
131.421	238.99	44.9353	
56.6777	112.824	22.0262	
90.8229	68.9449	146.992	
193.012	8.43638	223.896	
173.298	182.088	246.939	
143.107	94.2082	121.057	
36.0044	177.267	117.926	
111.973	225.027	210.151	
56.913	112.889	23.9057	
32.6266	194.849	77.046	
222.859	147.782	126.984	
75.61	85.912	150.059	
153.722	74.9072	92.9651	
235.943	166.926	82.2541	
34.0287	196.348	232.793	
143.001	94.2035	118.987	
127.148	159.084	67.094	
33.0298	194.391	75.095	
181.905	165.846	227.048	
74.1636	105.21	95.8337	
235.104	235.775	231.048	
222.946	147.081	128.965	
119.629	25.1005	92.9699	
103.238	198.06	215.959	
102.987	198.073	214.111	
160.964	237.966	72.8321	
225.46	47.0484	13.1465	
230.171	213.824	204.969	
45.317	17.0004	188.975	
104.661	199.047	218.037	
33.7045	194.898	72.0133	
234.353	212.874	174.865	
194.97	72.188	113.124	
211.866	60.1755	89.1435	
223.16	147.037	130.931	
125.853	39.9626	86.1477	
67.2532	206.154	133.878	
231.923	166.678	51.0655	
96.979	6.89865	21.9081	
188.937	88.1842	33.9855	
34.304	195.123	67.9628	
81.7416	246.895	157.011	
232.854	166.26	49.0114	
131.595	238.194	46.9595	
69.2309	97.7709	22.9313	
164.478	38.1718	228.987	
180.372	113.973	137.112	
101.953	163.049	225.037	
62.79	75.0354	239.08	
84.9906	97.9372	177.071	
177.785	96.8566	236.059	
36.1366	177.138	119.9	
217.036	105.982	191.938	
6.27477	195.739	245.988	
141.305	95.9184	115.954	
222.78	147.141	125.064	
105.091	111.826	177.197	
182.208	164.842	223.131	
141.215	95.9043	114.039	
182.074	14.3765	237.006	
235.878	137.341	103.973	
207.874	104.111	55.0256	
181.069	28.0709	112.961	
233.881	142.098	34.9671	
77.007	158.199	226.113	
216.987	106.161	193.846	
217.156	107.855	196.022	
236.017	137.73	102.203	
151.869	242.975	177.934	
100.613	47.8925	134.033	
74.4498	28.9204	42.0522	
95.0906	56.005	92.2356	
189.607	88.7632	39.0768	
191.975	218.116	75.9189	
124.416	131.044	45.9993	
235.342	236.118	234.843	
190.867	88.8241	45.9698	
163.604	10.1401	141.783	
216.855	109.827	199.15	
240.838	127.035	143.047	
33.819	196.966	114.092	
202.876	81.1126	30.8989	
188.603	88.0455	32.1039	
181.7	7.00749	158.91	
74.9039	105.078	92.1309	
200.367	208.146	242.177	
204.969	81.9421	28.9146	
92.2014	44.0048	71.0673	
242.254	64.0593	46.007	
100.047	48.5805	132.037	
125.822	70.8621	111.04	
6.83461	37.9683	208.028	
25.2823	43.1172	202.034	
174.659	102.733	74.0025	
156.985	27.2968	192.913	
101.833	163.297	228.844	
25.6745	43.0908	200.033	
120.555	86.1632	244.932	
193.918	17.9268	199.947	
242.1	64.9912	48.8238	
69.0046	104.552	201.833	
234.638	140.888	39.8699	
120.762	26.2126	97.0337	
181.256	26.9723	115.042	
78.1653	18.8754	236.924	
77.1359	106.646	210.007	
96.1693	138.914	157.001	
136.198	249.433	135.158	
12.1766	215.955	159.126	
190.781	205.329	70.0015	
77.7529	106.193	211.898	
116.022	79.743	57.0133	
222.768	110.825	63.0746	
7.71529	37.4116	201.905	
235.132	139.819	41.8623	
25.5536	42.8919	204.895	
191.819	87.9508	49.9377	
193.88	15.8289	203.974	
190.523	205.509	67.103	
181.558	232.124	86.231	
157.937	27.0561	187.082	
79.1381	113.091	109.145	
67.6469	233.121	180.978	
146.684	71.9427	155.068	
125.08	83.0989	234.103	
74.8991	28.9089	38.095	
193.925	18.984	197.925	
216.727	129.906	65.8921	
125.701	164.848	49.0358	
77.9003	113.029	111.986	
181.832	69.8347	33.1	
181.993	69.8674	35.8426	
218.977	201.258	68.0907	
76.2175	112.91	112.111	
167.468	56.5959	220.023	
202.425	146.844	87.0974	
134.818	221.01	216.959	
236.213	129.992	61.9992	
69.0536	104.674	206.007	
180.549	232.988	83.0258	
124.78	52.1105	52.0678	
201.747	145.998	82.9898	
193.956	19.8845	196.035	
193.91	19.9851	194.112	
19.279	147.271	90.0609	
211.027	143.597	197.871	
220.42	98.1019	96.1039	
19.0654	147.032	92.0476	
201.774	124.046	65.0329	
135.781	225.911	34.9604	
71.3424	63.2134	59.953	
205.38	21.9058	139.112	
119.047	225.02	247.964	
216.029	130.86	71.0398	
241.401	178.02	56.0213	
96.346	18.1942	93.9536	
237.052	140.001	109.753	
135.632	225.954	32.9947	
203.909	63.0445	88.1095	
158.536	26.915	184.009	
188.087	191.006	131.009	
49.2293	241.116	234.002	
51.2136	239.916	156.005	
220.057	99.7803	100.837	
133.939	220.038	212.119	
167.079	56.2576	218.232	
25.6105	41.9355	207.924	
226.341	216.032	32.8378	
71.8496	195.923	238.971	
225.846	216.034	36.071	
220.04	98.9429	99.0252	
167.645	57.7023	217.903	
235.786	164.836	225.024	
24.1174	117.18	80.017	
75.9781	105.875	206.192	
223.012	229.988	172.875	
236.954	163.022	228.019	
72.0877	195.299	236.043	
158.223	127.067	25	
206.554	22.2224	141.093	
225.308	215.777	39.0183	
152.164	185.097	204.053	
219.833	65.8602	192.058	
234.735	120.912	216.912	
167.68	58.1753	216.151	
35.7853	58.4614	180.878	
23.9696	118.799	78.965	
7.58857	37.8481	227.973	
117.318	224.115	246.009	
23.8078	118.846	77.0973	
25.5155	41.0079	210.025	
200.955	128.954	97.9768	
110.065	5.89207	88.9975	
77.7768	122.006	16.0134	
92.1338	80.8855	125.892	
179.079	110.977	248.077	
182.698	139.771	18.7418	
235.843	164.806	227.9	
216.553	130.073	68.968	
140.224	234.264	85.1347	
168.666	217.918	243.084	
98.834	69.8363	127.997	
69.2694	98.1971	26.7691	
231.046	212.83	196.094	
180.296	56.1043	77.0601	
38.8724	5.33387	156.903	
140.053	234.234	86.9533	
68.2019	104.252	210.01	
205.976	223.975	37.9266	
154.035	72.0632	52.9331	
60.5501	113.844	35.8426	
47.1528	100.001	213.901	
73.2371	70.8363	151.958	
204.727	51.9201	236.197	
122.483	113.875	21.9644	
100.116	69.3621	123.989	
214.821	41.1339	129.803	
88.7559	148.69	212.973	
47.0162	120.083	215.986	
14.9532	134.999	248.002	
103.733	92.1456	174.016	
168.964	216.893	241.102	
212.401	21.1679	224.818	
72.8612	70.8593	149.056	
181.424	54.3141	72.9889	
46.0354	120.898	217.94	
9.90374	36.0992	234.075	
156.811	91.0808	239.889	
105.389	110.152	91.0739	
61.3842	114.057	38.041	
17.3138	215.804	147.917	
71.8468	70.1832	146.035	
97.3123	70.0771	132.08	
88.8287	148.022	211.057	
179.719	111.227	246.102	
11.8255	215.16	151.93	
71.2103	197.258	243.918	
171.456	67.1407	46.2714	
181.817	104.909	45.8852	
234.385	120.854	220.94	
201.056	127.925	60.0051	
98.1234	69.9562	130.021	
234.253	120.753	222.892	
96.882	69.3469	134.996	
48.0565	241.117	239.012	
232.541	212.302	184.922	
71.9077	48.7415	54.2446	
78.3575	109.229	43.882	
158.562	163.011	150.014	
169.267	215.909	239.029	
155.841	57.8006	112.072	
91.6429	81.0691	123.152	
11.1273	215.114	153.91	
110.355	149.07	47.954	
212.657	21.6389	223.124	
135.972	69.2296	209.198	
240.944	18.7293	240.847	
120.082	159.897	235.015	
139.098	87.9499	103.739	
64.1719	32.9707	85.0876	
17.7944	11.9021	118.974	
111.652	149.327	51.0165	
158.562	164.001	145.98	
16.1718	242.086	199.943	
74.1842	71.6258	155.002	
122.695	115.858	24.045	
67.9427	103.573	213.096	
169.193	215.038	235.979	
71.7854	70.0582	143.174	
244.401	97.1144	193.004	
232.028	212.075	187.984	
64.4349	32.9262	83.1151	
181.667	104.731	42.9963	
169.668	214.115	233.068	
206.001	49.1046	234.984	
189.596	153.183	248.991	
74.4069	71.8307	156.964	
128.528	167.089	37.1149	
233.185	214.25	90.9607	
123.453	187.821	95.0284	
15.9001	242.133	198.069	
108.972	46.0747	235.994	
193.926	6.16304	229.877	
43.8166	120.227	222.913	
69.1307	98.8549	28.9032	
180.219	202.059	248.041	
135.661	69.3461	207.031	
64.1931	32.9109	88.9694	
127.89	166.335	39.0508	
200.256	247.045	123.91	
239.814	143.8	108.024	
142.919	235.032	237.058	
180.651	201.035	246.02	
62.7787	115.289	43.032	
92.6548	80.0184	128.75	
70.4574	158.302	198.962	
135.884	95.0884	212.017	
127.07	166.067	41.0319	
96.2606	193.694	197.084	
46.7063	102.018	219.902	
227.095	153.037	175.027	
244.47	96.1794	196.924	
107.878	16.2138	43.9538	
132.981	219.106	206.021	
6.21981	131.894	35.9897	
65.4173	31.6885	94.9723	
65.2119	32.0701	90.9755	
190.231	147.811	219.95	
208.8	22.1908	146.868	
16.8634	215.133	151.897	
183.251	32.0338	216.986	
132.396	217.186	193.79	
65.8163	31.1362	97.0748	
207.516	220.897	40.0114	
135.805	95.0079	213.957	
124.057	189.936	98.0097	
120.455	159.152	237.817	
89.0915	148.113	206.186	
103.098	60.2003	157.117	
96.076	192.987	198.889	
74.7524	72.0231	160.966	
65.3013	31.8817	93.0382	
191.111	64.892	66.7597	
239.725	178.003	49.9441	
115.966	185.96	204.99	
123.024	206.052	195.155	
59.9262	64.8373	143.169	
152.407	28.9333	200.299	
244.944	96.8119	198.8	
40.1075	237.186	104.077	
219.075	135.968	238.882	
183.534	33.2389	218.875	
235.857	28.8167	126.943	
183.733	31.9374	215.066	
154.026	28.1542	200.019	
16.9058	100.919	177.026	
200.363	169.968	158.007	
120.325	158.33	231.075	
197.903	100.729	157.051	
45.6984	102.918	221.983	
89.7002	243.054	244.044	
169.134	148.086	12.0257	
89.7308	152.192	233.992	
206.941	62.1104	83.0926	
16.1571	55.3799	183.989	
65.9233	30.8414	98.9124	
215.252	75.2157	69.0232	
56.307	124.003	149.775	
5.90731	131.974	34.0323	
15.7015	55.3709	182.075	
94.9609	191.236	197.104	
185.274	163.827	67.9274	
238.611	179.081	45.0781	
142.201	82.0433	242.951	
248.246	227.495	236.063	
126.063	145.911	237.779	
216.824	90.1449	106.175	
124.352	43.156	76.0666	
236.57	133.81	55.0314	
90.106	242.645	245.92	
247.635	227.343	238.025	
16.5296	11.2613	117.105	
196.97	100.68	152.032	
226.78	229.029	30.0388	
187.967	88.9786	228.031	
65.3882	99.876	112.966	
132.056	88.1073	156.965	
242.163	124.142	86.0449	
132.476	218.847	202.015	
73.8087	195.065	231.105	
197.689	100.664	155.067	
234.061	118.328	225.999	
16.5853	206.294	196.989	
94.9653	110.815	246.296	
102.263	59.8913	160.826	
124.11	43.8426	77.9352	
212.954	155.169	248.92	
195.392	240.83	160.852	
135.962	95.2338	210.111	
219.514	134.112	235.035	
106.534	16.7823	41.017	
77.7903	110.097	101.986	
217.991	193.991	229.957	
120.27	158.946	228.119	
186.993	89.4637	225.962	
143.596	83.8277	192.841	
120.605	74.1733	149.984	
77.7816	145.262	27.8552	
93.6149	44.8149	167.993	
142.21	82.0462	244.781	
156.511	241.87	148.002	
235.233	136.006	95.323	
65.8007	99.7612	115.915	
89.0084	152.767	235.91	
219.156	171.479	169.042	
92.8397	44.7826	165.104	
106.312	205.066	89.8	
11.2356	246.692	124.877	
5.77205	132.75	30.1369	
203.68	130.841	203.065	
91.0405	111.686	247.087	
11.1761	147.005	169.993	
217.745	93.1578	104.102	
236.404	135.261	52.0962	
202.913	129.438	204.956	
88.6317	153.025	233.006	
231.72	56.0863	30.954	
236.229	136.144	50.0564	
89.6231	152.053	231.055	
133.052	144.929	237.001	
89.4412	151.924	229.12	
196.642	100.872	149.97	
20.0441	45.9564	102.131	
122.035	157.07	217.975	
105.373	204.064	88.0111	
156.848	240.865	145.127	
215.744	159.04	225.054	
71.2277	69.7077	140.164	
182.172	7.87309	174.039	
14.1916	55.4506	178.05	
81.9916	136.897	241.918	
69.2229	68.138	140.16	
17.9848	24.8146	145.119	
186.401	89.7554	222.061	
132.327	218.19	197.882	
225.127	229.859	35.0016	
142.695	82.1016	241.186	
6.92048	223.033	229.889	
81.9634	137.242	246.011	
92.0661	44.9118	163.124	
186.172	89.8226	220.111	
122.965	119.936	29.0083	
222.068	188.031	209.034	
77.431	144.744	25.0065	
239.702	88.2005	214.217	
141.303	174.027	83.9655	
76.8404	143.42	22.9599	
186.074	110.062	6.99408	
133.737	49.8525	142.058	
233.24	115.848	237.05	
112.09	16.0574	56.0635	
166.738	165.757	230.965	
5.61943	230.918	235.997	
144.032	83.4174	194.971	
97.0973	109.945	244.076	
226.282	178.564	90.9327	
151.169	70.7724	168.008	
84.0464	142.118	88.9258	
123.031	127.984	126.851	
50.1177	186.297	213.912	
182.245	7.41278	171.953	
66.2751	99.628	118.746	
195.953	101.659	144.906	
233.913	118.993	229.867	
108.252	41.0521	52.0646	
227.334	229.778	27.1355	
233.34	58.1892	28.0609	
204.072	61.8721	76.0863	
123.899	155.098	211.971	
122.936	156.431	214.083	
183.712	147.128	58.0454	
226.122	178.724	88.1086	
35.0188	236.08	133.072	
120.963	158.066	224.014	
13.8246	55.5478	175.083	
86.3238	194.139	46.8994	
133.936	49.9653	140.094	
17.7849	119.204	66.8485	
233.584	118.129	231.94	
141.085	23.6001	179.037	
60.9359	13.9945	83.7159	
233.53	117.952	233.981	
64.0975	72.0993	72.0571	
12.1059	55.0379	171.976	
79.6852	110.254	98.8832	
202.614	129.848	207.935	
86.9804	16.9986	24.9525	
123.153	121.92	32.854	
210.006	47.2438	55.8865	
89.3484	152.386	238.882	
12.0734	55.6682	170.042	
16.1499	119.42	66.7818	
237.024	94.9093	174.763	
150.112	153.133	236.011	
157.341	239.954	143.069	
6.32638	224.871	231.919	
200.211	34.9354	204.905	
164.293	111.022	180.934	
225.819	51.1365	121.973	
132.153	50.765	145.102	
122.872	120.171	30.8499	
140.95	23.7412	177.071	
185.677	90.6914	216.219	
89.2718	150.912	224.12	
103.066	121.998	54.8377	
209.267	47.1954	53.0627	
84.8321	141.975	86.1269	
9.78744	143.038	42.8833	
224.777	229.975	36.8398	
219.644	192.963	221.168	
41.8575	223.262	158.115	
105.409	105.945	81.2779	
163.906	51.9072	46.0098	
225.534	151.979	98.0522	
124.754	48.9736	69.7751	
206.302	107.57	126	
149.893	152.834	237.875	
160.887	237.646	135.922	
206.486	108.128	127.988	
66.4228	30.3551	102.651	
204.011	61.1576	73.0414	
65.0377	71.9568	70.0754	
5.96442	229.985	233.157	
202.228	129.195	209.962	
61.6002	228.003	50.0925	
18.2092	206.263	202.939	
107.52	9.13086	78.0886	
147.962	10.2425	157.96	
111.259	19.3283	156.099	
19.8736	45.0222	97.0266	
226.763	33.2198	141.021	
225.063	152.735	101.005	
63.8925	99.6874	107.284	
182.717	114.485	231.979	
225.635	152.822	102.909	
111.759	20.7203	154.944	
126.475	9.64641	138.039	
158.989	6.06906	242.945	
136.153	135.179	200.29	
182.589	114.213	234.05	
239.973	69.003	54.8463	
218.36	193.978	223.134	
101.537	176.975	206.039	
107.033	9.82188	75.1029	
177.553	164.077	241.918	
76.3852	129.906	248.157	
112.072	19.4166	154.022	
230.08	125.974	120.124	
187.074	126.814	120.07	
176.27	163.848	241.993	
178.27	11.9153	223.697	
238.469	71.6686	58.9143	
225.312	151.179	96.0875	
149.163	9.18606	163.159	
201.189	9.99118	72.9633	
176.935	163.816	243.874	
225.096	152.755	105.975	
10.0276	76.7815	83.9901	
41.5921	222.17	154.989	
229.479	126.278	122.099	
159.21	238.248	138.122	
226.684	42.7076	86.9186	
119.251	22.9605	130.012	
201.27	10.0131	71.0448	
134.055	24.48	137.841	
110.774	20.828	157.894	
87.1289	195.024	50.9391	
197.826	144.969	172.12	
126.764	9.81191	140.937	
112.671	19.6414	152.042	
161.025	181.22	91.897	
79.8555	133.09	249.03	
150.015	234.989	170.957	
148.17	10.4552	159.906	
114.479	151.731	180.919	
111.721	16.4966	41.9873	
201.251	10.0887	69.1145	
184.157	44.9504	71.0073	
9.97407	76.825	80.1027	
102.897	90.3785	181.882	
102.527	121.332	57.0814	
201.684	11.247	62.8414	
197.008	146.937	174.938	
227.08	169.195	241.941	
246.945	100.607	175.856	
9.93969	76.8052	82.0456	
143.875	157.327	50.7726	
118.988	22.3328	132.735	
182.021	66.0631	130.227	
73.8143	134.901	14.9227	
227.681	171.709	238.084	
102.029	121.786	58.9884	
144.295	82.6788	198.773	
109.807	19.8517	161.956	
118.519	170.933	218.944	
14.1409	76.9227	87.0646	
101.694	178.829	209.925	
162.854	110.445	171.988	
186.838	126.847	122.866	
201.442	10.1677	67.1145	
245.177	99.6551	179.059	
119.565	23.665	126.157	
10.1709	77.0166	87.8331	
143.806	82.08	200.776	
199.543	25.6496	164.96	
225.781	151.802	109.926	
172.041	24.2021	75.9997	
200.955	209.767	230.112	
75.8833	137.074	20.099	
178.617	98.0845	128.828	
118.445	171.032	222.051	
136.101	96.6952	219.805	
172.413	24.266	73.2254	
213.904	46.8774	61.141	
62.6133	99.3881	105.073	
74.0701	132.92	18.9428	
101.922	120.383	63.0244	
75.8396	134.996	21.8915	
183.491	15.0232	40.9664	
10.0027	76.8645	77.1737	
226.047	169.964	243.835	
74.1413	132.84	20.924	
75.7874	134.97	18.9571	
118.478	17.1886	97.809	
73.8568	133.032	16.9683	
101.701	120.148	64.9467	
44.2593	5.92585	117.749	
88.6882	45.9934	157.24	
201.107	209.995	228.172	
17.4784	26.9187	141.094	
137.222	234.159	94.7871	
76.0239	136.879	17.0729	
75.0559	129.059	21.1378	
186.666	156.68	97.9593	
13.7978	75.852	82.1268	
203.41	60.4434	67.1461	
142.696	79.2582	35.0401	
115.006	16.1198	41.8654	
189.874	245.08	88.8935	
187.381	156.471	101.897	
8.18289	134.929	15.9672	
116.216	225.064	182.19	
201.553	210.679	226.084	
106.703	34.7775	34.6972	
137.7	135.929	198.123	
168.032	31.1144	210.002	
143.366	76.9983	39.1143	
76.6167	138.874	20.958	
185.953	157.144	94.0406	
205.693	185.315	82.9981	
116.936	224.231	178.071	
142.916	78.7864	36.7672	
196.464	147.995	178.804	
136.25	96.8642	221.698	
202.915	212.998	219.933	
116.718	224.246	180.032	
167.964	31.8705	208.105	
143.795	172.946	78.0607	
201.518	211.137	223.978	
238.589	163.942	18.0717	
165.136	98.1466	57.0423	
102.036	27.2667	27.8418	
238.316	163.316	20.0024	
238.006	164.2	21.9213	
117.544	224.99	175.05	
40.1327	78.8744	7.3062	
143.577	156.969	54.911	
196.397	196.985	246.003	
75.7267	128.812	18.0697	
94.0543	106.065	179.983	
215.744	158.306	236.954	
215.087	158.179	238.975	
169.589	211.831	223.278	
40.1185	78.8444	8.76462	
151.491	126.23	172.891	
164.651	51.0747	40.4487	
6.78151	133.316	16.9975	
133.996	136.388	196.032	
185.666	157.817	90.0339	
223.286	189.088	199.193	
166.755	93.9371	52.677	
230.47	106.392	213.912	
233.052	111.065	224.169	
83.7676	156.774	233.007	
188.868	245.148	91.8393	
76.9044	109.337	34.294	
39.1866	72.1118	242.171	
238.292	95.8748	179.824	
45.2833	161.319	105.08	
120.577	24.3889	121.122	
15.153	18.705	37.7021	
31.1924	235.007	142.097	
83.761	156.808	235.019	
163.871	50.1665	40.3841	
223.865	190.156	196.944	
230.674	107.505	215.142	
239.425	127.716	74.8582	
7.62851	135.129	19.9493	
231.37	107.829	217.985	
167.941	31.2858	204.327	
131.086	191.724	193.887	
102.177	118.939	68.8979	
158.775	63.016	100.078	
231.645	108.926	220.1	
165.008	163.912	8.00988	
17.0436	27.7273	138.258	
118.044	225.053	172.125	
167.812	32.0041	213.675	
181.374	224.995	141.253	
8.50655	112.778	96.065	
168.737	20.1899	223.212	
187.158	87.603	74.0179	
187.082	87.6232	76.8243	
189.302	18.3446	152.056	
130.67	190.356	206.058	
223.115	233.177	44.899	
28.8064	109.232	93.1478	
165.789	15.0647	178.918	
207.972	109.098	134.643	
61.8635	116.305	110.038	
101.306	202.472	186.638	
160.135	63.8678	95.0622	
50.6017	192.249	69.0644	
206.285	107.662	118.248	
26.3868	108.986	92.8897	
131.192	191.254	197.009	
150.597	142.351	234.998	
84.1493	155.117	224.108	
155.535	70.9333	204.172	
218.711	126.02	243.997	
242.565	90.9428	207.991	
217.112	123.047	247.044	
134.777	53.2225	127.92	
68.9072	99.1831	39.0995	
184.525	113.099	54.9961	
185.85	74.0222	63.1634	
50.3203	192.32	67.0031	
229.518	101.849	198.939	
178.995	100.002	60.0364	
164.887	16.6515	177.842	
133.288	153.665	148.273	
185.965	158.516	86.159	
167.401	33.4801	215.676	
52.9766	192.293	75.2604	
184.703	111.947	53.0932	
218.144	124.696	245.89	
185.107	243.085	93.9811	
61.3493	116.296	106.15	
118.569	225.297	168.21	
112.425	150.354	166.927	
237.833	246.076	23.9742	
189.589	179.015	142.199	
187.488	17.8827	177.052	
190.621	177.928	134.256	
62.958	115.998	114.824	
190.306	179.368	128.104	
32.2066	176.451	130.101	
64.6612	115.746	113.223	
230.109	101.141	194.331	
92.4388	81.3944	140.332	
185.058	243.132	92.1585	
108.977	121.141	181.19	
189.613	180.391	129.92	
172.853	203.758	166.837	
165.557	14.9211	181.773	
119.512	227.064	167.076	
173.184	203.747	164.306	
230.541	100.301	195.926	
126.784	151.999	57.741	
50.0864	178.414	123.928	
112.594	150.54	168.968	
188.237	18.0275	179.938	
187.376	17.9786	175.123	
239.848	164.038	12.0823	
185.024	91.5899	207.174	
241.013	165.774	10.0778	
178.959	29.4559	198.213	
136.768	147.32	226.342	
223.291	49.3397	139.954	
223.059	49.5966	133.997	
244.768	42.3775	186.947	
144.054	80.0075	206.866	
148.633	141.999	13.9409	
51.5259	178.216	128.004	
206.494	107.832	114.316	
190.151	179.028	132.082	
148.431	142.009	12.0864	
190.904	65.6536	76.7249	
37.2531	73.84	238.191	
185.822	160.101	81.1183	
220.134	153.947	208.939	
190.043	246.069	96.861	
237.245	163.956	28.7993	
61.4509	116.215	102.259	
188.49	18.4286	155.814	
149.007	141.903	16.9258	
128.02	70.8955	155.081	
79.1103	208.038	65.0114	
220.492	20.0858	136.973	
188.591	182.253	139.865	
5.71644	43.7495	129.103	
166.661	132.849	111.188	
163.161	222.627	155.9	
31.7262	156.282	238.21	
211.694	109.591	133.224	
248.381	56.9509	115.106	
61.5733	115.416	96.8444	
12.8466	137.711	154.131	
79.1484	208.153	62.9199	
188.63	18.9588	157.752	
248.626	57.4867	113.067	
228.999	103.69	204.132	
31.7998	37.1784	234.212	
147.294	142.587	8.25632	
125.395	92.7957	22.3958	
23.7573	234.471	138.563	
97.7284	179.847	63.0845	
6.93215	244.989	236.163	
209.262	214.343	31.8274	
163.12	111.006	243.716	
191.49	176.59	121.921	
179.349	136.077	212.289	
191.251	176.655	123.912	
247.455	214.826	143.827	
149.948	95.7512	109.13	
247.566	214.935	142.014	
248.392	55.8278	118.81	
141.665	76.2104	79.03	
94.7396	150.631	242.744	
31.9969	155.26	240.945	
51.2526	88.9972	220.848	
90.093	93.7232	57.2454	
6.89054	43.8823	131.635	
18.2985	75.0558	68	
17.7075	75.206	71.7543	
38.8609	73.7225	233.246	
141.07	75.8691	74.1819	
206.738	107.939	110.136	
191.79	177.916	120.091	
71.9123	194.278	213.263	
12.6353	139.493	159.25	
60.1803	99.5936	95.2222	
97.5716	179.806	60.3311	
243.987	38.7405	134.841	
164.928	13.0539	187.851	
230.883	49.8689	210.396	
136.5	147.441	223.622	
156.506	182.883	98.0117	
187.639	156.023	141.088	
4.80716	113.172	134.873	
246.852	55.2654	119.095	
179.972	136.606	208.001	
61.044	99.4331	89.9652	
218.013	12.8836	50.0485	
245.547	43.1097	115.873	
246.665	55.0206	120.8	
244.289	38.4437	140.753	
245.576	42.0742	121.058	
243.92	38.4434	138.95	
183.073	13.9943	56.9939	
226.201	177.914	106.586	
202.902	14.8906	88.2001	
110.164	52.0357	160.84	
245.775	42.7734	118.872	
246.047	53.6226	144.266	
217.694	195.745	245.679	
245.314	41.0367	125.028	
212.999	165.653	113.089	
200.479	83.7954	61.9167	
204.221	103.483	99.8484	
243.671	38.6719	137.005	
248.312	215.777	136.32	
22.7225	67.7772	103.209	
246.521	54.6656	122.704	
191.788	6.54036	243.671	
41.4812	71.5876	229.987	
222.843	152.246	238.938	
244.068	39.2519	132.025	
74.1068	125.966	235.759	
244.645	39.7161	129.097	
212.529	165.563	111.122	
225.947	104.949	191.251	
138.62	148.637	218.22	
110.161	51.7442	163.897	
247.136	214.815	148.667	
109.41	52.258	163.809	
26.2235	67.9826	103.002	
212.404	165.583	109.122	
202.35	84.0131	54.8704	
248.228	217.662	134.027	
24.4927	67.706	105.733	
186.551	124.253	111.319	
6.97848	113.127	138.954	
73.9121	245.841	119.104	
101.501	218.51	183.108	
101.479	111.979	156.058	
221.963	153.805	234.858	
199.033	188.539	231.074	
85.6881	122.441	62.9754	
212.711	165.308	107.135	
105.668	176.254	230	
205.702	105.467	106.021	
136.421	134.106	27.7446	
217.871	165.458	113.669	
135.853	134.705	26.1637	
134.576	29.9488	21.8743	
84.928	122.161	65.8564	
247.642	219.466	127.425	
139.627	150.976	213.725	
199.572	189.515	233.985	
134.3	30.5029	20.0144	
187.395	19.1427	167.157	
103.76	179.059	231.822	
187.806	19.5603	162.829	
187.203	81.9843	87.0807	
138.907	149.411	216.059	
202.693	83.7436	52.0827	
223.368	122.351	71.8379	
105.099	178.676	235.021	
244.838	38.4523	141.356	
199.815	87.7273	133.056	
104.104	178.516	237.822	
112.99	126.934	198.958	
217.079	147.052	247.88	
249.925	28.9957	66.5965	
202.522	82.6369	46.975	
213.135	164.696	103.148	
167.074	112.415	238.359	
84.0163	85.1481	56.6811	
23.8393	234.575	132.399	
221.591	150.38	244.984	
38.8203	142.339	249.112	
205.27	83.0462	58.8628	
50.8526	229.198	98.163	
125.248	195.538	192.156	
33.4096	144.877	243.023	
198.525	87.9553	135.088	
21.8638	69.8287	98.9047	
200.062	87.1229	131.071	
105.937	176.271	236.825	
33.1583	144.22	244.833	
33.66	145.712	244.932	
107.735	52.2371	147.383	
96.7135	146.715	152.809	
135.618	136.933	23.9999	
32.2111	143.514	242.969	
200.077	87.4944	136.884	
37.6915	87.5487	71.9201	
215.959	165.056	109.255	
85.524	55.6149	103.694	
114.016	50.745	168.946	
191.522	15.9836	139.81	
248.165	217.531	149.017	
34.5115	144.056	247.091	
21.8565	190.871	240.013	
104.837	176.877	241.682	
33.8802	242.952	129.213	
200.09	87.016	134.906	
247.877	155.16	144.226	
142.717	78.7515	229.258	
29.2705	155.001	247.97	
33.9357	146.646	243.085	
147.887	145.396	63.6738	
235.085	200.543	30.271	
168.093	223.015	84.2532	
36.8972	143.268	234.784	
32.9287	143.332	239.066	
34.9997	143.368	235.944	
33.7777	144.681	239.199	
215.712	164.664	107.248	
96.5981	179.892	50.9291	
228.19	106.627	187.218	
94.2108	13.2544	118.478	
94.0405	12.9742	117.919	
12.5087	115.478	134.186	
8.95083	243.171	248.589	
249.089	218.916	123.158	
105.122	175.007	242.951	
190.247	55.7795	215.214	
35.0946	144.719	237.406	
249.674	153.255	140.04	
199.828	88.4562	129.197	
155.346	237.754	28.9202	
38.377	142.914	245.183	
36.6919	143.806	236.847	
38.1737	143.139	234.938	
104.804	176.085	244.423	
134.275	80.6587	111.866	
197.749	83.9431	141.324	
247.773	219.213	120.077	
31.1366	144.759	247.532	
247.746	121.696	218.176	
124.699	190.286	204.884	
177.199	210.111	137.051	
97.6712	12.5173	117.377	
71.459	161.867	106.122	
58.3455	100.371	28.5084	
126.518	93.346	28.5236	
60.839	102.888	30.6453	
177.273	209.856	139.014	
92.0272	94.2711	52.178	
199.096	89.4494	125.612	
245.381	53.2534	128.901	
220.19	203.577	202.003	
249.358	217.588	117.127	
200.657	83.5222	142.83	
121.799	220.383	152.772	
32.1404	150.15	245.526	
120.117	220.678	156.018	
127.775	93.6546	31.0265	
23.4121	72.6058	88.832	
120.416	221.738	155.5	
199.185	89.1844	122.782	
60.9308	222.013	42.0113	
97.1946	13.6651	112.361	
176.402	209.678	136.567	
162.155	98.776	232.114	
